Shellsort Test
Test Passed

Quicksort Test
Test Passed

Unsorted (Shellsort):  [979, 267, 762, 827, 590, 737, 276, 610, 28, 484, 269, 690, 636, 979, 782, 669, 413, 957, 824, 52, 58, 32, 565, 61, 546, 321, 42, 416, 721, 51, 901, 748, 339, 399, 317, 404, 973, 982, 275, 170, 87, 142, 46, 392, 367, 295, 379, 428, 393, 498, 203, 496, 1010, 879, 514, 433, 216, 815, 997, 51, 759, 624, 233, 680, 38, 853, 654, 620, 918, 645, 977, 844, 534, 488, 858, 810, 797, 894, 856, 689, 658, 941, 126, 550, 939, 737, 657, 376, 890, 1018, 321, 119, 714, 804, 13, 12, 524, 854, 197, 601, 232, 689, 640, 750, 858, 613, 544, 39, 25, 27, 783, 583, 705, 899, 113, 210, 233, 340, 1018, 779, 236, 138, 336, 687, 1023, 585, 710, 587, 759, 884, 1009, 438, 810, 770, 430, 61, 184, 585, 966, 934, 517, 467, 957, 237, 421, 202, 258, 827, 251, 169, 904, 856, 157, 533, 320, 252, 564, 507, 972, 789, 980, 872, 1020, 138, 397, 665, 324, 278, 336, 943, 208, 576, 967, 431, 866, 256, 301, 541, 353, 513, 113, 528, 204, 705, 806, 1006, 470, 508, 156, 904, 437, 307, 213, 282, 621, 245, 281, 860, 188, 715, 264, 462, 802, 522, 33, 422, 271, 136, 14, 516, 639, 15, 170, 78, 580, 248, 642, 800, 258, 397, 62, 127, 118, 878, 287, 310, 807, 432, 295, 813, 584, 779, 1001, 648, 147, 866, 991, 682, 230, 466, 554, 603, 174, 803, 283, 30, 885, 554, 167, 106, 932, 841, 640, 863, 886, 917, 559, 382, 15, 846, 204, 631, 681, 688, 60, 564, 512, 341, 963, 730, 194, 447, 386, 60, 486, 181, 687]
Sorted (Shellsort):  [12, 13, 14, 15, 15, 25, 27, 28, 30, 32, 33, 38, 39, 42, 46, 51, 51, 52, 58, 60, 60, 61, 61, 62, 78, 87, 106, 113, 113, 118, 119, 126, 127, 136, 138, 138, 142, 147, 156, 157, 167, 169, 170, 170, 174, 181, 184, 188, 194, 197, 202, 203, 204, 204, 208, 210, 213, 216, 230, 232, 233, 233, 236, 237, 245, 248, 251, 252, 256, 258, 258, 264, 267, 269, 271, 275, 276, 278, 281, 282, 283, 287, 295, 295, 301, 307, 310, 317, 320, 321, 321, 324, 336, 336, 339, 340, 341, 353, 367, 376, 379, 382, 386, 392, 393, 397, 397, 399, 404, 413, 416, 421, 422, 428, 430, 431, 432, 433, 437, 438, 447, 462, 466, 467, 470, 484, 486, 488, 496, 498, 507, 508, 512, 513, 514, 516, 517, 522, 524, 528, 533, 534, 541, 544, 546, 550, 554, 554, 559, 564, 564, 565, 576, 580, 583, 584, 585, 585, 587, 590, 601, 603, 610, 613, 620, 621, 624, 631, 636, 639, 640, 640, 642, 645, 648, 654, 657, 658, 665, 669, 680, 681, 682, 687, 687, 688, 689, 689, 690, 705, 705, 710, 714, 715, 721, 730, 737, 737, 748, 750, 759, 759, 762, 770, 779, 779, 782, 783, 789, 797, 800, 802, 803, 804, 806, 807, 810, 810, 813, 815, 824, 827, 827, 841, 844, 846, 853, 854, 856, 856, 858, 858, 860, 863, 866, 866, 872, 878, 879, 884, 885, 886, 890, 894, 899, 901, 904, 904, 917, 918, 932, 934, 939, 941, 943, 957, 957, 963, 966, 967, 972, 973, 977, 979, 979, 980, 982, 991, 997, 1001, 1006, 1009, 1010, 1018, 1018, 1020, 1023]

Unsorted (Quicksort):  [676, 427, 279, 818, 768, 887, 943, 97, 926, 5, 684, 17, 190, 284, 200, 50, 1020, 375, 9, 635, 918, 392, 137, 618, 530, 957, 60, 415, 973, 570, 400, 580, 911, 797, 107, 414, 584, 214, 883, 250, 931, 640, 699, 288, 788, 500, 133, 169, 132, 743, 486, 589, 974, 41, 101, 365, 980, 986, 713, 183, 302, 477, 130, 891, 385, 167, 786, 963, 287, 139, 346, 894, 829, 981, 868, 926, 944, 966, 245, 299, 574, 714, 419, 401, 946, 981, 587, 184, 588, 266, 746, 277, 338, 278, 272, 338, 872, 563, 489, 237, 642, 544, 625, 376, 642, 926, 291, 946, 801, 838, 43, 1004, 936, 87, 943, 112, 937, 57, 109, 22, 436, 965, 622, 389, 453, 425, 964, 395, 676, 515, 12, 834, 286, 397, 642, 60, 414, 145, 1001, 646, 906, 493, 601, 806, 116, 1010, 129, 769, 112, 381, 910, 68, 596, 84, 824, 513, 79, 394, 108, 962, 345, 205, 662, 356, 562, 837, 885, 919, 416, 755, 54, 414, 610, 922, 951, 45, 1012, 673, 58, 618, 200, 703, 72, 476, 83, 957, 31, 791, 96, 499, 723, 34, 472, 854, 409, 859, 837, 815, 444, 838, 507, 623, 623, 423, 332, 985, 511, 604, 527, 398, 67, 917, 525, 294, 78, 896, 629, 629, 283, 992, 363, 139, 213, 152, 80, 794, 67, 942, 720, 576, 542, 965, 215, 847, 702, 640, 448, 597, 1023, 454, 239, 705, 340, 255, 328, 595, 258, 570, 705, 594, 411, 884, 707, 392, 34, 403, 581, 992, 292, 185, 162, 432, 168, 887, 1016, 279, 983, 105, 928, 100, 862, 1022, 203, 824, 382, 141, 315, 189, 781, 565, 7]
Sorted (Quicksort):  [5, 7, 9, 12, 17, 22, 31, 34, 34, 41, 43, 45, 50, 54, 57, 58, 60, 60, 67, 67, 68, 72, 78, 79, 80, 83, 84, 87, 96, 97, 100, 101, 105, 107, 108, 109, 112, 112, 116, 129, 130, 132, 133, 137, 139, 139, 141, 145, 152, 162, 167, 168, 169, 183, 184, 185, 189, 190, 200, 200, 203, 205, 213, 214, 215, 237, 239, 245, 250, 255, 258, 266, 272, 277, 278, 279, 279, 283, 284, 286, 287, 288, 291, 292, 294, 299, 302, 315, 328, 332, 338, 338, 340, 345, 346, 356, 363, 365, 375, 376, 381, 382, 385, 389, 392, 392, 394, 395, 397, 398, 400, 401, 403, 409, 411, 414, 414, 414, 415, 416, 419, 423, 425, 427, 432, 436, 444, 448, 453, 454, 472, 476, 477, 486, 489, 493, 499, 500, 507, 511, 513, 515, 525, 527, 530, 542, 544, 562, 563, 565, 570, 570, 574, 576, 580, 581, 584, 587, 588, 589, 594, 595, 596, 597, 601, 604, 610, 618, 618, 622, 623, 623, 625, 629, 629, 635, 640, 640, 642, 642, 642, 646, 662, 673, 676, 676, 684, 699, 702, 703, 705, 705, 707, 713, 714, 720, 723, 743, 746, 755, 768, 769, 781, 786, 788, 791, 794, 797, 801, 806, 815, 818, 824, 824, 829, 834, 837, 837, 838, 838, 847, 854, 859, 862, 868, 872, 883, 884, 885, 887, 887, 891, 894, 896, 906, 910, 911, 917, 918, 919, 922, 926, 926, 926, 928, 931, 936, 937, 942, 943, 943, 944, 946, 946, 951, 957, 957, 962, 963, 964, 965, 965, 966, 973, 974, 980, 981, 981, 983, 985, 986, 992, 992, 1001, 1004, 1010, 1012, 1016, 1020, 1022, 1023]
